6.33418689481914
5.935067947953939
5.861617149785161
5.769511284306645
5.768278421834111
5.8007090501487255
5.78266391530633
5.7088887039572
5.714392175897956
5.734851863235235
5.694315426051617
5.516564318910241
5.450158406049013
5.4049939177930355
5.333394160494208
5.3278266582638025
5.315547069534659
5.267741622403264
5.271087249740958
5.26593516394496
5.259115222841501
5.269929593428969
5.274454828351736
5.23777336999774
5.207676023244858
5.202787633985281
5.231210066005588
5.23801583237946
5.2188118156045675
5.232500527054071
5.237214848399162
5.246377767995
5.241857094690204
5.225397985428572
5.226692544296384
5.219952277839184
5.223699668422341
5.176362879574299
5.23535524122417
5.25675012730062
5.198182767257094
5.1497480142861605
5.188611123710871
5.1766599621623755
5.147552425041795
5.1451698411256075
5.14192839153111
5.140643710270524
5.119083033874631
5.09947245195508
5.096550954505801
5.080605572089553
5.062125734984875
5.045958697795868
5.032211510464549
5.1205835696309805
5.095793882384896
5.073201760649681
5.03031606413424
5.002271661534905
5.106924161314964
5.185957236215472
5.101455060765147
5.076704787090421
5.051413897424936
5.011492030695081
5.073648361489177
5.068768601864576
5.091017134487629
5.063802063465118
5.049153925850987
5.033523121848702
5.0102969240397215
4.999625153839588
4.969900859519839
4.9410786628723145
4.931251576170325
4.959927849471569
4.954192144796252
4.918043531477451
4.935915984213352
4.889530187472701
4.897273940965533
4.8918026108294725
4.860039450228214
4.8581611178815365
4.8401412311941385
4.807020867243409
4.80156734585762
4.788379883393645
4.841225679963827
4.8313170578330755
4.795094437897205
4.802986895665526
4.965445322915912
4.878086540848017
4.824359640479088
4.816822797060013
4.795164778828621
4.778516944497824
4.74808001331985
4.728225771337748
4.707056986168027
4.693909976631403
4.691722292453051
4.683227259665728
4.682855103164911
4.664834346622229
4.638036979362369
4.638791300356388
4.636879347264767
4.6169959884136915
4.672592831775546
4.6422057412564754
4.59125567600131
4.577027499675751
4.564460838213563
4.5467492919415236
4.533718544989824
4.543818905949593
4.5228814501315355
4.5137469712644815
4.5141087509691715
4.472920160740614
4.502974007278681
4.479096522554755
4.46592034958303
4.436929475516081
4.439184907823801
4.444453494623303
4.465133113786578
4.4638074692338705
4.395731942728162
4.372074067592621
4.378562303259969
4.3705331571400166
4.571361072361469
4.450430536642671
4.438589595258236
4.47338130697608
4.549867141991854
4.4658257737755775
4.501204064115882
4.492214804515243
4.460593994706869
4.469326037913561
4.427391702309251
4.4284283723682165
4.394113972783089
4.470167467370629
4.436896463856101
4.417901445180178
4.391798470169306
4.360562397167087
4.371253142133355
4.435773342847824
4.390426963567734
4.3583825677633286
4.378944426774979
4.495532218366861
4.450640011578798
4.420706966891885
4.418062614277005
4.4223811738193035
4.41028562374413
4.410691414028406
4.391963725909591
4.373259902000427
4.355713967233896
4.365270912647247
4.558984410017729
4.512180125340819
4.417900277301669
4.408627353608608
4.374018000438809
4.382326835766435
4.3873728178441525
4.379002012312412
4.404525436460972
4.340871235355735
4.367714434862137
4.448428969830275
4.366818260401487
4.349182533100247
4.33022078871727
4.303768526762724
4.324056155979633
4.307560192421079
4.384904734790325
4.462398800998926
4.384707303717732
4.359662055969238
4.4340134635567665
4.406039286404848
4.333587475121021
4.35610469430685
4.32703691162169
4.3106381967663765
4.3092708475887775
4.308781161904335
